version https://git-lfs.github.com/spec/v1
oid sha256:fd6250ed7e4e50fb745cf552cd25c1c551fb0bd49e3dcc9fb1ec68c88ca97fa0
size 11101
